-4.00178 
-33.80802 
5.84126 
-12.44865 
4.48022 
-10.60154 
-8.92298 
-27.61556 
-34.50600 
7.77462 
-2.20994 
8.34149 
-11.92165 
-4.79316 
-19.02593 
14.29401 
11.17819 
6.02833 
-44.39900 
2.06789 
-5.15425 
16.40123 
-11.11504 
-0.36034 
-10.72983 
-7.15045 
-1.28934 
-11.64829 
-5.56520 
-4.50437 
-30.53002 
-13.23009 
-21.76838 
29.43226 
0.53774 
3.73175 
9.95940 
-15.31162 
-12.43567 
16.16837 
26.64812 
-27.77865 
22.48755 
6.32361 
10.92987 
5.93440 
16.30548 
-10.52783 
-3.79213 
23.95458 
-4.23542 
-9.27417 
18.45537 
-12.87260 
9.13998 
26.65069 
-6.63624 
23.63836 
-26.48371 
-10.31100 
2.06592 
-8.88478 
7.32503 
9.11486 
21.30649 
5.45949 
13.81377 
15.32557 
-5.43240 
15.92080 
32.82470 
-18.63105 
-4.11509 
0.02747 
-19.30107 
0.27143 
-10.32692 
-10.18454 
7.23466 
4.72864 
-13.40571 
-0.37759 
-2.28465 
-46.37595 
-36.64220 
30.50304 
-7.61310 
-10.20258 
15.15708 
-30.31449 
2.29825 
-1.68809 
-6.85183 
30.47421 
-5.50567 
9.26059 
2.13243 
-4.96171 
24.65785 
9.41931 
-5.60454 
16.91065 
21.57731 
-25.65985 
-3.73338 
26.24160 
20.67886 
20.34096 
-21.54148 
-2.46654 
12.15468 
-6.65072 
14.73328 
-35.73407 
-33.53220 
16.41003 
3.70021 
-8.74813 
-0.81896 
2.60387 
-12.89074 
22.60826 
9.94132 
-8.24584 
-28.43388 
-17.34720 
3.96410 
-9.93603 
14.46013 
-5.65832 
11.27673 
15.34647 
-17.16231 
0.82661 
29.27995 
10.16925 
3.26943 
-6.86239 
12.07343 
7.75256 
-8.11696 
16.44143 
9.33144 
-16.98176 
-10.95969 
8.12983 
-11.03503 
0.01949 
-7.27841 
-0.43550 
24.76031 
-5.38734 
8.96375 
-2.90293 
9.02318 
5.26717 
22.24207 
-23.65847 
-0.48274 
1.87287 
-17.39007 
30.27905 
-10.05022 
3.81737 
-30.00888 
12.64875 
9.11523 
-11.53627 
19.65481 
6.12282 
36.54094 
11.90272 
-16.52159 
2.75960 
-2.98489 
-22.96600 
9.41523 
-5.03191 
2.53538 
-2.06289 
1.89841 
-25.78315 
11.79659 
-9.81784 
-8.33507 
-32.38701 
1.33435 
7.73294 
-12.69697 
-16.83715 
23.70885 
11.89686 
-8.29472 
16.17284 
6.02041 
10.59078 
31.86717 
-16.89276 
20.97078 
1.63139 
3.09876 
-10.23695 
-22.08557 
-17.96366 
-7.90474 
8.34238 
-7.30762 
-2.95319 
-6.39907 
10.77780 
3.08930 
15.44698 
31.39449 
-13.58307 
31.96230 
1.05162 
-0.92943 
-8.46831 
-21.13159 
9.09741 
27.33372 
-9.23922 
-0.33432 
-26.56462 
-3.79345 
-21.03670 
6.70299 
-3.01284 
-6.20836 
32.92966 
7.78606 
-13.72803 
6.22407 
17.05190 
-30.77749 
6.86547 
-3.18580 
3.20492 
-5.60950 
-19.41883 
-8.59887 
4.68723 
1.30031 
11.33260 
-5.24967 
-5.41698 
-13.52728 
15.56738 
-22.22683 
-11.75207 
0.53839 
6.10262 
4.38195 
-10.22021 
-4.42610 
-10.73516 
5.28937 
19.75063 
-7.46125 
4.12923 
-25.36995 
-18.46336 
-5.91043 
1.92918 
-3.51427 
3.85272 
11.42867 
-9.03698 
-9.23665 
9.33509 
-17.63525 
24.43436 
0.04559 
-9.50009 
-8.57747 
20.46134 
-14.06735 
0.00878 
2.97772 
25.08464 
-2.73729 
4.42150 
34.18631 
-16.05104 
5.82808 
-5.87773 
-0.98019 
0.46869 
-17.68667 
-11.50525 
2.63688 
26.89556 
-15.14733 
10.37181 
-41.39241 
-1.11799 
20.94441 
-21.71480 
1.60255 
-0.98860 
15.01959 
-1.08616 
-5.69674 
14.22080 
-30.77823 
-13.19653 
11.32295 
-0.88892 
-6.09792 
-17.01596 
6.78498 
15.33147 
-7.18102 
-2.38780 
2.77478 
12.31284 
8.80375 
7.47612 
-20.87432 
2.14395 
-17.14037 
-11.37892 
5.13207 
0.28123 
-22.36609 
-2.88471 
3.16873 
30.13445 
-2.08968 
-13.61961 
3.77919 
-27.97105 
17.45213 
-13.89563 
-0.63341 
52.65407 
12.50696 
26.40881 
17.79262 
14.25678 
-15.97764 
22.12672 
13.71029 
9.78448 
-4.74824 
-16.45615 
5.53098 
-36.28314 
-3.07002 
-5.80656 
-0.32563 
-4.25152 
4.09168 
2.17214 
10.16852 
18.28507 
-4.72883 
8.59951 
0.66321 
21.94221 
-9.71753 
8.05046 
5.46050 
24.80290 
5.48073 
-7.35778 
-14.98540 
10.36670 
26.39722 
-2.60492 
-5.54833 
-1.32341 
24.46222 
0.93392 
-5.43648 
-2.26049 
10.60824 
-18.33817 
1.00376 
32.48723 
15.58698 
21.44421 
30.54846 
-4.61752 
11.20991 
13.53105 
-18.82685 
0.05456 
15.71067 
12.52206 
0.49895 
-38.86331 
2.87178 
-4.27482 
8.61233 
2.45028 
15.59732 
8.38783 
-3.15097 
9.58063 
-13.35168 
24.27214 
11.39682 
-9.60113 
6.84414 
8.87065 
-12.09117 
-16.70822 
4.61742 
0.25701 
-3.69917 
-0.28998 
6.41113 
10.81011 
-16.40787 
-17.09802 
-12.98814 
-6.61228 
-0.38392 
-17.44615 
2.98906 
-1.11548 
-14.11957 
-6.66519 
-13.84661 
-2.95522 
8.47389 
26.66960 
20.45275 
7.72149 
-8.10794 
-0.31895 
2.07000 
14.57656 
15.86751 
-11.72401 
12.44389 
1.76357 
0.69667 
15.03964 
6.19119 
-9.99606 
12.39924 
-6.29083 
0.79594 
-1.30646 
-4.24409 
-9.08756 
-14.77697 
10.46557 
-5.43894 
11.47419 
0.31920 
-2.79311 
-11.20978 
19.27057 
-4.91254 
-0.94027 
-25.85287 
5.21576 
7.43647 
28.89204 
22.08980 
20.69313 
7.44374 
9.57232 
21.81268 
5.80199 
-4.27993 
17.41457 
-15.13158 
9.54138 
10.07924 
-10.72808 
0.07658 
-1.10621 
-3.33550 
3.02229 
-0.41899 
16.47074 
15.85215 
8.67294 
-22.80389 
16.30682 
5.37180 
-11.04519 
-18.74237 
-28.14433 
3.38750 
16.43457 
-16.17147 
-1.17253 
-23.93373 
-16.08358 
-10.74594 
18.66504 
-21.08357 
-17.77741 
-11.92638 
-14.68651 
-11.25583 
-19.09225 
24.14447 
-3.24135 
12.37014 
4.01142 
1.04478 
1.02953 
8.48721 
-11.13332 
23.11281 
7.25195 
21.42224 
17.87491 
16.53076 
-14.40924 
-13.04504 
13.84838 
8.90757 
16.33564 
17.93029 
4.55646 
-12.02206 
-20.77937 
-3.07574 
0.34303 
18.36816 
-23.12969 
0.92991 
15.78026 
10.72042 
-7.37213 
-24.78656 
-3.97407 
5.78030 
-9.85940 
-6.38597 
8.93781 
7.14722 
-5.12776 
-5.10821 
-8.04396 
-7.56198 
-19.89666 
9.65329 
-5.57771 
10.56968 
7.66686 
8.18792 
0.10660 
-6.26257 
17.56324 
8.10076 
13.53048 
-14.97416 
34.70918 
-10.09951 
29.10116 
9.21687 
-3.54932 
8.62796 
-13.06272 
21.23424 
-4.14432 
-23.46449 
-13.16826 
11.77575 
-24.98619 
8.56251 
-23.38725 
-5.99260 
-7.14012 
4.22893 
10.89283 
-5.51442 
10.86311 
11.32505 
-23.98029 
-3.74839 
5.22039 
15.04463 
15.07818 
-4.48902 
-10.77284 
34.16502 
17.06462 
20.27929 
-15.01995 
3.58727 
13.28274 
33.61938 
1.40562 
-0.24538 
-3.34667 
-2.44344 
-17.52018 
-20.57729 
-31.20294 
13.34073 
-17.27308 
-5.84185 
-8.20485 
-56.67123 
-0.51242 
0.37491 
-3.24872 
-1.34448 
-5.43435 
0.32739 
-6.82254 
9.51813 
-3.13741 
1.92584 
-0.10510 
-17.97990 
-2.23144 
3.57273 
17.37828 
-6.35906 
-2.80002 
2.49612 
7.71652 
-2.89092 
12.03804 
29.02575 
7.10328 
-11.55308 
-15.56781 
-3.81989 
-17.01653 
4.32647 
-14.80539 
-17.64989 
10.82394 
5.04462 
-9.50498 
-27.79208 
-2.89402 
10.47370 
-5.28146 
-15.26776 
0.68816 
-0.17636 
4.38889 
4.85593 
15.36895 
-11.66139 
-0.79323 
-21.12613 
21.52464 
-20.43909 
23.09666 
3.32656 
-2.88189 
2.40973 
-2.21993 
-15.52528 
29.09931 
-9.04223 
7.69108 
8.37702 
9.15625 
-12.13068 
3.03980 
18.82776 
14.71225 
13.17424 
-26.97410 
24.05017 
16.15905 
4.02657 
-8.86759 
-11.82373 
-12.72274 
8.87313 
0.90262 
0.67268 
-1.28431 
17.14805 
-5.61093 
2.08603 
-14.69546 
31.46446 
-2.28218 
14.14775 
0.52996 
-9.48432 
10.62422 
31.83280 
13.06217 
15.46209 
8.96911 
17.89664 
7.80320 
0.39426 
-12.28795 
-41.88605 
-9.64008 
-11.82210 
1.62371 
-14.99355 
8.85200 
8.12187 
-3.29234 
17.35344 
-27.86588 
7.45302 
1.52025 
0.41329 
-4.13364 
-15.51803 
-21.70369 
33.34762 
4.22819 
21.78877 
-6.67935 
-5.69335 
3.47607 
-23.39859 
-6.18084 
2.23368 
-26.57220 
-26.62501 
-7.47006 
15.44229 
18.17117 
19.43562 
0.99647 
-8.48646 
42.74685 
-4.86709 
44.00380 
13.66749 
12.13220 
28.19704 
-1.79772 
27.06040 
24.58128 
7.45828 
-27.14154 
-13.58662 
-13.12469 
8.14412 
-10.24318 
22.47246 
4.75597 
-7.25897 
-2.26046 
-8.28104 
18.24043 
-17.98940 
-4.27390 
-22.85036 
-8.03104 
7.62433 
29.80256 
17.81566 
-5.58355 
12.47237 
22.48085 
8.52176 
-19.77314 
8.39941 
-31.45222 
32.63146 
30.17310 
-2.24304 
11.67468 
5.50874 
-18.65530 
-8.92799 
-3.20378 
-15.67254 
19.52846 
2.04274 
2.30633 
0.33399 
-22.87492 
2.34287 
2.82288 
16.71122 
-18.50954 
-22.51229 
30.70097 
-9.34280 
3.68561 
17.40509 
33.00370 
10.41329 
21.86462 
-18.75466 
-15.97557 
-28.78896 
7.29133 
-28.87317 
4.28790 
7.63812 
35.23746 
-10.96420 
2.16071 
3.93961 
9.98669 
-0.95334 
1.53383 
19.34435 
32.57984 
15.60020 
-6.83676 
4.94281 
-3.95131 
-21.45655 
13.32815 
-4.74306 
-1.32248 
1.00618 
6.81254 
3.67153 
-34.65578 
-6.84506 
-8.01882 
15.18571 
7.92958 
3.66463 
6.33925 
-6.26753 
8.88507 
-3.10204 
-2.05120 
-9.76071 
-12.56988 
-15.63659 
-5.24352 
4.48930 
3.95233 
16.59170 
4.98823 
-12.36866 
6.09633 
29.15341 
13.53238 
27.79556 
-6.71367 
-29.50609 
9.14738 
5.06274 
20.21462 
11.68640 
-14.78006 
8.50575 
13.13388 
4.53585 
-16.24979 
12.82899 
-34.24999 
25.48042 
-0.43355 
1.34770 
0.30387 
42.30010 
16.71925 
10.18980 
21.67829 
-9.14593 
0.90163 
-5.79080 
-21.78762 
19.90018 
-5.61935 
-6.05306 
17.33788 
-13.93134 
17.39212 
-7.00442 
4.75413 
-0.32494 
9.75284 
6.04815 
-0.96798 
-10.19611 
-4.78469 
14.17050 
-36.09076 
20.11850 
43.72926 
-23.86777 
10.52608 
16.51029 
3.77281 
19.74386 
-14.30965 
-6.72296 
-0.66028 
5.25377 
14.01743 
9.26389 
-0.18172 
4.19339 
12.65411 
3.75535 
-5.08524 
-7.66796 
-9.55494 
-12.35951 
15.14985 
2.83595 
-10.50571 
7.61451 
28.43613 
-31.30884 
26.88285 
-17.91317 
-3.57526 
-4.22994 
12.30426 
-17.11944 
-35.95897 
7.15681 
-2.47010 
-36.25942 
-7.42289 
-13.02129 
-5.04887 
19.76598 
-17.63125 
6.86197 
-0.13169 
11.56940 
18.65410 
-1.63696 
-11.27133 
-24.84747 
3.62315 
-13.55434 
24.94488 
-2.52408 
14.77707 
-9.38920 
-11.82539 
6.19173 
-5.28581 
18.39802 
31.35124 
-20.82338 
12.54457 
9.05648 
-13.26513 
20.47668 
3.69336 
2.70027 
-10.69239 
-8.07590 
-11.83337 
12.60788 
6.10295 
-21.60296 
-15.42262 
-9.21279 
-10.35375 
4.21133 
25.58718 
4.21652 
11.38960 
30.89495 
-5.21640 
-10.29306 
6.31422 
0.05662 
-2.03660 
-10.63170 
15.48239 
-25.91191 
-12.16365 
-5.00196 
0.70176 
-6.18360 
-23.65609 
3.14294 
-13.09912 
1.34447 
8.06631 
0.75613 
-10.97191 
-1.55867 
4.35420 
4.72656 
-10.71005 
-29.09564 
11.36164 
21.17057 
-9.01086 
14.78516 
1.70325 
-12.23596 
-11.68325 
-5.33033 
-23.29596 
-17.43560 
-2.70861 
1.64155 
-1.32959 
-5.99333 
-18.91132 
-27.08398 
-6.76341 
-5.95456 
9.08693 
12.32204 
29.40094 
-14.75034 
-2.48511 
1.57163 
-11.71814 
-10.20367 
-0.55198 
3.46627 
-2.90553 
7.14979 
-2.98314 
-27.86996 
-3.73404 
0.40141 
7.37297 
10.22623 
-11.01606 
4.47848 
12.61455 
-11.64685 
22.50064 
15.19874 
-5.77465 
19.61840 
-0.76757 
27.42953 
8.25402 
0.64521 
-12.45832 
-0.18929 
38.64147 
-0.71177 
31.16484 
1.22095 
6.78934 
-8.88247 
35.89289 
-3.56407 
25.26855 
17.88789 
-1.49292 
-15.04896 
-2.54881 
-35.23840 
2.57595 
1.25619 
-9.75844 
12.96323 
-12.73800 
12.09397 
-7.21240 
31.68724 
16.15563 
2.56597 
-2.21691 
-26.29858 
-11.69356 
14.22213 
-4.88780 
27.70215 
2.40336 
27.14077 
18.38086 
5.95710 
-13.91263 
20.14269 
18.58926 
-8.18120 
8.54835 
-44.44643 
-0.36938 
3.83946 
-21.09531 
-20.11267 
2.58977 
8.66148 
-10.44042 
-14.64196 
-3.17362 
10.65100 
3.60790 
3.70070 
13.85615 
-5.22284 
-39.12977 
12.48458 
6.39135 
21.41124 
10.79821 
-5.86159 
8.48399 
25.42419 
-0.44097 
-12.37577 
-1.55620 
23.03135 
22.52503 
-13.09452 
1.47175 
16.87081 
-23.96080 
-0.79873 
5.09621 
-15.78831 
20.01843 
26.48397 
-5.55507 
-1.01850 
2.66805 
-35.09672 
23.49967 
11.66585 
-5.28473 
7.66339 
10.74795 
-18.28730 
-2.47561 
26.03641 
0.51423 
-26.76365 
4.32472 
-16.90453 
2.23903 
6.31001 
12.10279 
13.55678 
-13.82121 
-25.08189 
-11.90816 
13.62248 
-22.94049 
-12.66229 
7.94679 
7.77034 
3.78959 
0.90617 
-17.91214 
-6.87252 
-15.04065 
8.57159 
8.23011 
15.60407 
19.57912 
-2.93409 
8.37541 
-23.34521 
-18.85244 
9.25344 
-10.16667 
12.20198 
4.63545 
-22.06535 
-7.34131 
-4.62398 
11.89278 
0.86721 
-12.83109 
32.58421 
18.14772 
-2.80377 
-11.36716 
7.21786 
20.40467 
-18.34614 
32.05415 
-9.79259 
-4.07390 
-14.46250 
-10.15291 
-0.61407 
22.51763 
17.75300 
-3.17354 
-1.59375 
22.59580 
-21.35202 
-16.57030 
-5.29355 
6.44790 
-4.74489 
-10.69118 
11.80464 
-1.16440 
-22.67258 
-14.33755 
-10.72013 
-9.32789 
12.26696 
-2.67671 
5.26666 
6.42117 
-0.85123 
-23.38142 
31.39191 
24.94311 
37.00690 
-3.16163 
-11.38583 
11.96712 
-4.69169 
7.95008 
9.72822 
8.87193 
-0.59037 
24.45076 
-3.19802 
-28.80610 
-14.56199 
-1.28195 
-8.60340 
23.85476 
-11.22460 
6.33591 
8.27051 
-3.35447 
8.64247 
-11.77991 
32.78902 
0.09665 
15.01935 
-31.48610 
7.07206 
6.44363 
1.35605 
24.23364 
14.78094 
4.12450 
0.58540 
-5.86768 
-19.96744 
-8.86177 
-19.62431 
-37.34807 
-3.80837 
5.41759 
-7.71406 
-12.30551 
-29.93250 
-14.58642 
-27.58918 
-1.93880 
4.84658 
5.11213 
31.46837 
-15.26568 
14.46062 
30.11328 
8.60293 
-25.04985 
20.14717 
9.94534 
13.54145 
-19.25240 
13.37875 
18.11098 
-2.11133 
15.41995 
-0.74005 
30.23229 
-5.74255 
-0.27469 
2.28608 
-9.91809 
-6.47382 
-17.84813 
2.18633 
2.61851 
-3.69190 
1.09544 
13.68019 
-4.99667 
18.51786 
-16.27266 
-11.37435 
4.38158 
-7.34624 
22.27513 
8.34225 
18.83760 
14.35077 
-5.92423 
-3.05111 
2.74125 
4.35089 
3.49262 
-15.47891 
15.12470 
-18.19001 
9.30432 
2.62953 
-16.17704 
-1.18072 
24.47387 
-9.44497 
2.05521 
26.60679 
-5.89546 
-4.70082 
9.44237 
22.79900 
-23.03444 
-17.57695 
-2.62047 
22.26826 
-5.13869 
4.95504 
-15.34000 
2.76623 
34.76415 
9.23487 
21.25799 
19.00889 
-17.49105 
-35.36667 
-16.04765 
13.22128 
5.41225 
-31.76436 
23.14037 
-20.50042 
49.04497 
-25.27123 
-4.51498 
9.61222 
-13.94192 
14.82111 
-3.48114 
18.65640 
-18.14212 
6.36415 
-28.43036 
13.21828 
23.14269 
-0.11083 
14.01589 
18.82826 
6.39284 
17.44458 
-7.57188 
7.56125 
4.23685 
-1.50912 
-5.70283 
-24.65921 
-26.20877 
-3.03165 
-0.34073 
25.06125 
1.40103 
18.38426 
-8.58996 
-18.63731 
-16.78356 
-14.33845 
33.78405 
-3.76173 
-5.55958 
13.58627 
15.83969 
-4.12457 
17.71790 
-6.16659 
6.15319 
24.23057 
2.32890 
-18.64524 
36.79561 
18.29853 
-20.09630 
25.08211 
-10.68939 
14.06257 
18.82560 
-8.36517 
9.36807 
4.18582 
15.26765 
-13.45303 
13.17315 
33.52527 
-22.36845 
-6.60502 
18.93068 
-7.90512 
4.12165 
3.97603 
-14.83412 
9.83972 
-29.02611 
22.60469 
1.84404 
-1.45342 
-6.81792 
-21.38183 
2.20198 
15.20354 
-7.37711 
-6.17669 
-18.02168 
27.57378 
26.82006 
1.99344 
0.57006 
-18.01163 
-8.64288 
9.13419 
1.93905 
-1.35925 
-8.14606 
8.29978 
6.06700 
7.97124 
-11.27987 
-21.53796 
37.09665 
4.30856 
-14.69493 
24.25412 
-21.67340 
12.43666 
-7.84889 
-3.35437 
-0.69914 
7.06862 
-17.63013 
5.94807 
-4.13306 
-14.46337 
-1.69291 
10.15077 
-0.87559 
-10.96162 
2.06381 
-16.23985 
23.59972 
8.28784 
13.25155 
-3.45632 
14.55387 
36.16962 
-11.44718 
-16.67941 
19.49080 
21.22608 
10.08583 
-10.55195 
13.72362 
-8.55096 
0.30235 
6.20816 
-24.15840 
-3.33039 
-25.92716 
4.58822 
-16.42407 
28.09775 
-13.62552 
-4.14489 
3.27115 
-6.82475 
-4.16898 
-18.72871 
-15.28961 
-4.83235 
4.26611 
19.78493 
-8.56972 
-15.80870 
10.39937 
-5.66736 
-4.11008 
2.42761 
-6.53636 
10.38179 
-0.22086 
9.74089 
-7.25171 
-3.42074 
-15.54335 
-20.72510 
-23.54038 
-10.80140 
26.76430 
11.22026 
-10.54403 
30.36808 
1.96593 
-23.55572 
-19.84531 
-6.80771 
-3.84582 
10.67922 
-13.17708 
-9.33515 
-31.17059 
-1.03885 
18.28522 
-21.46978 
17.48319 
-16.12163 
-4.15629 
-16.58431 
-7.66959 
17.74721 
5.20175 
48.01742 
-10.35305 
8.96974 
-0.29385 
-2.31252 
13.71782 
-7.31825 
24.23231 
3.09520 
8.66330 
-12.89745 
23.97044 
5.50329 
-7.20613 
1.38783 
-34.93195 
2.73147 
32.96163 
-11.62479 
-12.07491 
12.17637 
6.30362 
-34.58281 
15.98008 
-1.83385 
-5.36513 
-21.21830 
2.48490 
17.58832 
25.62598 
16.79254 
2.58468 
16.58595 
-9.93131 
-4.49237 
-13.38422 
-16.67911 
32.11014 
11.99617 
-18.25297 
12.75293 
8.98774 
-1.81096 
19.74441 
10.19846 
25.94301 
28.05395 
-9.97548 
-10.98308 
4.95703 
26.01270 
19.99390 
-24.74698 
-6.35669 
34.99175 
5.70527 
-21.98404 
9.75231 
-28.21136 
-10.93932 
11.90127 
5.81309 
-7.40347 
1.89075 
10.28960 
-31.67421 
-6.70687 
17.71914 
18.57400 
-24.18232 
-20.69021 
-0.25039 
-28.85187 
-12.19002 
-14.58086 
-15.99603 
-4.78954 
-7.33531 
-8.90794 
15.22542 
14.12556 
10.38644 
-12.33505 
-3.33381 
2.91133 
-28.78573 
-1.46001 
8.75792 
6.22445 
-19.08472 
20.15037 
-0.32621 
18.36025 
-22.82857 
16.52630 
7.22947 
11.89028 
-27.85495 
-7.00082 
-8.40672 
18.80878 
36.27435 
-2.93255 
-20.28785 
12.24399 
-9.34174 
-18.73491 
-10.17890 
8.53484 
-2.64107 
-12.71297 
-7.65309 
-11.04477 
15.33923 
21.99615 
9.42633 
-0.18564 
26.52251 
-21.93193 
-4.25374 
-25.56153 
-5.17245 
-6.27254 
15.78706 
8.84098 
11.97300 
10.64485 
4.98816 
13.88385 
-43.06598 
1.18232 
8.04046 
7.97060 
9.41541 
6.70902 
11.90547 
-8.46584 
31.19113 
26.09979 
-10.54401 
10.52023 
7.22827 
8.46486 
-38.95921 
-15.69179 
0.46267 
-34.65006 
9.63436 
6.85236 
18.74057 
-14.89496 
-4.10513 
-10.65954 
-14.74796 
24.53941 
3.89209 
3.24776 
0.58145 
-9.02632 
18.41173 
12.32808 
-34.03457 
-13.39454 
8.83897 
-18.27261 
-35.85177 
7.74392 
-19.38427 
10.45190 
16.59706 
21.77317 
-3.88898 
-4.45113 
-13.09373 
5.42445 
8.55099 
2.33182 
-23.00650 
0.79333 
-3.59255 
-3.94385 
11.51377 
4.13884 
25.40888 
-4.91814 
-17.83300 
-18.55200 
14.96265 
3.43176 
3.90692 
-8.85032 
21.66467 
-7.56482 
-26.41355 
-1.78662 
-16.03567 
-23.15479 
1.14025 
-4.58385 
19.99060 
-5.29465 
15.01098 
11.55532 
10.24288 
-6.33818 
-7.74047 
-12.87968 
-18.14960 
-2.00066 
-19.32934 
9.67112 
28.10849 
12.78540 
4.58834 
-3.46668 
-2.68475 
-7.80225 
17.36336 
-2.37014 
-5.74531 
7.72053 
-28.08431 
-6.03249 
6.12331 
-9.71092 
8.72429 
30.88065 
-5.74139 
-0.75425 
-4.57972 
-3.22135 
20.85149 
-10.78879 
27.50546 
4.04450 
0.31599 
13.69794 
0.22353 
-25.14241 
2.58626 
-22.11092 
15.08654 
8.25900 
-21.42971 
-19.97030 
-3.01298 
8.59490 
5.44151 
17.35509 
0.01317 
6.22375 
1.29942 
-0.65838 
-16.53588 
25.55422 
9.27897 
-2.42927 
-2.42660 
-8.94985 
-15.51010 
-9.85097 
-7.37385 
6.58194 
3.98187 
-11.23948 
-26.23588 
22.58984 
3.77437 
14.17575 
-20.82353 
6.13389 
-2.78243 
3.82381 
-1.36343 
-9.14066 
-19.83338 
2.38532 
-4.12633 
5.79715 
7.26407 
2.45941 
31.55601 
19.46715 
-38.74301 
12.67710 
16.67985 
9.81853 
19.16557 
5.00808 
8.53589 
4.64070 
11.69455 
5.74316 
-10.47330 
-26.89532 
16.65844 
11.12869 
-9.17218 
-17.40520 
15.91637 
-7.68384 
3.42427 
23.34927 
15.37109 
-14.60817 
-18.14208 
-17.21283 
-0.67838 
-18.92477 
-21.74983 
4.19896 
13.99377 
-21.54793 
-13.07367 
17.62540 
7.33505 
8.49003 
1.53390 
0.65688 
-7.45941 
21.39757 
-18.13068 
-27.63268 
-1.49135 
-11.47438 
-25.67553 
-26.03180 
-10.21591 
-25.14222 
-6.30073 
6.55871 
-1.07899 
33.97166 
-1.41748 
-11.80536 
12.94800 
3.09371 
2.96783 
-8.83556 
14.08032 
-2.55293 
-11.04096 
-1.68481 
6.45384 
-10.28699 
15.73870 
-19.24193 
-1.57772 
16.59513 
-13.86196 
-7.74130 
11.94207 
25.95509 
1.21455 
-1.52714 
-13.29934 
16.12449 
13.36103 
-14.94365 
-3.03374 
11.96092 
5.61865 
-0.59970 
10.02822 
-2.78738 
12.73626 
5.90475 
13.22083 
7.07288 
21.71882 
2.43923 
6.83402 
16.05095 
9.15662 
14.62711 
10.85773 
-4.34690 
-1.52626 
6.33369 
5.08096 
1.71988 
22.09307 
32.09686 
12.42026 
36.18081 
-22.82896 
9.20775 
5.27968 
12.42399 
30.84556 
-10.66778 
-0.69779 
10.49758 
30.43137 
1.26380 
-32.10447 
4.17608 
-0.43295 
8.92801 
-2.94145 
15.92270 
-10.78680 
-12.48452 
-3.35860 
14.10715 
-8.89852 
-9.36167 
-9.33024 
-0.01624 
-32.08660 
-7.56277 
16.70466 
21.46542 
-12.19619 
24.97141 
6.90536 
9.09876 
-14.40810 
3.64643 
-1.05719 
-7.77576 
-2.66067 
22.61887 
2.53922 
-3.00115 
-22.64249 
-4.59477 
29.34571 
4.70720 
4.38179 
-19.09960 
-16.84879 
-2.46476 
21.54993 
32.14509 
-8.92006 
16.05476 
1.25133 
-10.99525 
11.65640 
8.56944 
-25.88391 
-20.56772 
8.23604 
2.45069 
3.53774 
6.01993 
-18.96733 
-1.25753 
-9.02536 
-11.87565 
-17.16415 
-5.59276 
-0.19563 
0.73762 
5.64019 
10.40129 
16.95777 
12.57604 
25.15817 
-29.79573 
-15.78130 
-16.72347 
-26.20297 
-6.28834 
7.98366 
-18.95862 
-13.24046 
-32.00286 
2.31197 
-1.75878 
4.04839 
-3.05284 
5.71352 
-5.92268 
-7.16471 
2.40854 
-3.69096 
16.30351 
6.78691 
23.37834 
-3.12720 
12.12202 
22.04174 
-19.88405 
-4.89428 
-8.29213 
19.90565 
