0.01065 1.29447 
0.39150 -1.13403 
-0.16255 -0.13503 
-0.58974 -0.16966 
-0.24845 0.04139 
-0.09505 1.08618 
1.24808 1.49723 
-1.79184 -0.07055 
-0.09189 -1.67653 
0.14765 0.45563 
-0.76117 -0.84164 
0.94980 0.71418 
-0.93860 -1.02634 
-0.63112 0.12828 
-0.52114 0.47307 
0.20642 -0.92956 
-0.12074 -0.28780 
-0.06131 0.06523 
-1.85853 -1.47268 
-1.01872 -0.07091 
0.16620 0.20492 
-1.61335 -1.72540 
-2.43477 1.17160 
0.78918 1.05463 
-0.66740 1.60581 
-1.06232 -0.82955 
0.81480 -0.58999 
-1.21275 -1.10922 
2.28049 1.19207 
1.81161 0.39567 
0.05861 -0.35489 
-1.28855 -0.57290 
-0.63411 0.63186 
1.14745 -0.90893 
1.59456 0.57291 
-0.30982 -0.35019 
-2.20948 0.21326 
-0.88551 1.60667 
0.97471 -0.38267 
1.06499 1.02655 
0.30156 -0.92239 
-1.00090 0.47254 
-0.00093 0.36548 
0.40264 0.17096 
-0.25725 -1.72462 
-0.02047 0.75149 
-0.46371 -0.47123 
-1.64493 -0.09424 
0.85851 0.46345 
0.22555 0.54607 
0.17072 0.43488 
0.70620 -0.02868 
-0.80361 -1.02210 
-0.92207 -0.12110 
0.97470 0.93868 
-1.39223 -0.84506 
-0.35257 0.03136 
0.11713 0.76298 
1.00623 0.53688 
-0.51924 -0.12413 
0.36424 -0.45985 
0.15193 -2.76600 
2.30874 -0.54847 
-0.40098 -1.70389 
-1.25222 0.78698 
1.16197 -0.61960 
0.74491 -0.70583 
1.40674 -1.13177 
0.14638 -0.82671 
-0.44870 -1.10741 
1.30872 0.52705 
-0.39270 -0.44696 
-0.92293 -0.69586 
-0.17588 -0.19404 
0.72340 -0.00038 
0.15028 -0.06367 
0.76156 -2.12079 
-1.61747 -0.58605 
-0.84311 -1.81738 
0.48534 -0.75344 
-0.01511 -0.12543 
1.15257 -1.29121 
-1.15060 -1.37275 
-0.72007 1.90174 
-1.16508 1.47687 
0.40783 1.17484 
-0.49474 0.23671 
-0.33657 -0.96894 
0.61831 0.63574 
-0.86247 -0.34847 
1.13516 -0.09388 
1.86701 -0.34975 
-0.62625 0.01526 
-0.31309 -1.43960 
-0.62822 0.86964 
-1.94943 -0.47745 
1.56491 0.00369 
-0.35914 0.50649 
2.55129 -0.11792 
0.66864 0.62670 
0.77986 -0.02555 
-0.37502 0.35854 
-0.09816 0.95252 
1.10125 -0.25714 
0.51400 0.40059 
-1.31678 -0.37532 
0.13220 0.26790 
-0.89597 -0.77552 
1.25047 -0.05872 
-0.15474 0.03577 
-0.00037 -0.80984 
1.10038 -1.59348 
0.66196 0.76081 
1.11556 0.57289 
-0.76892 -1.02897 
1.04517 -0.93129 
-0.59685 0.31349 
0.32806 0.04363 
0.26110 0.31435 
-1.00783 -0.25093 
-0.19575 0.33956 
0.38848 -1.23464 
-1.35788 0.16393 
0.48881 -0.38101 
1.87059 -0.94734 
0.85386 0.17177 
0.54297 0.64865 
0.40483 0.68224 
0.06924 1.82891 
-0.28067 2.25838 
0.64137 0.65874 
-0.15326 0.36529 
-0.41341 0.98135 
0.61631 -0.79149 
0.05544 1.47307 
-0.42858 0.81537 
-0.24490 -0.98999 
0.02461 -0.06863 
1.67095 0.74948 
-1.34027 -0.08744 
1.75761 -0.54789 
-0.01282 0.51957 
0.77697 0.10924 
1.35296 -0.75068 
-0.81206 0.26605 
1.91217 0.87287 
0.01847 1.50087 
-2.72357 0.75923 
1.09135 1.30774 
-0.43365 -1.28485 
0.32354 -0.45522 
-0.42283 -0.12616 
1.65558 -0.27686 
-1.66222 0.07008 
-0.85192 2.29156 
-0.71088 0.68508 
0.42137 0.48524 
0.42836 1.44295 
-1.02701 0.92232 
0.28474 0.65230 
1.10794 -0.69690 
0.53065 -0.46260 
0.79401 1.91695 
0.42890 1.24548 
-0.30320 0.06640 
-0.68262 -0.43752 
1.11784 0.59706 
-0.01434 -0.00273 
0.54300 0.24714 
-1.65169 0.16327 
2.01598 -0.86635 
-0.04268 -0.26053 
-0.12276 -0.98733 
0.75637 -0.14703 
-1.56862 -1.06332 
1.67231 0.33169 
1.60815 0.33483 
0.10403 -0.54369 
-0.15264 -1.02198 
0.07964 -1.58865 
-1.57759 -0.38951 
-1.51799 0.03018 
-0.76656 -0.99801 
-1.95220 1.42990 
-0.58015 0.13860 
0.82059 0.06329 
-0.17751 -0.17827 
0.78344 -0.47887 
-0.60019 -0.36728 
0.09256 2.37645 
-1.75667 -0.22047 
-0.21136 -0.08006 
-1.10648 1.62368 
1.23153 0.07948 
1.53801 1.16433 
-0.07653 -0.92875 
0.10740 -1.18383 
-1.71442 -1.00913 
0.47282 1.26321 
-0.07731 0.90026 
0.79878 0.36327 
-1.47775 0.46777 
-0.46513 1.02664 
-0.11373 -0.16540 
0.88134 -0.40304 
0.01001 1.16215 
0.34584 0.70463 
0.76538 0.22108 
-0.00186 1.26212 
-0.85663 0.59553 
0.93672 -1.32769 
-1.19132 0.28725 
-0.41504 -2.27107 
-0.37187 -0.57670 
0.08631 0.34741 
0.49757 1.64775 
-1.02954 1.02982 
-0.39458 -0.05624 
-0.45940 0.83599 
-0.93879 0.12658 
1.56170 0.36428 
0.68591 0.48809 
1.52360 0.85756 
0.53456 2.91670 
0.51984 -0.56046 
1.71447 -1.37645 
-0.43641 0.71070 
-0.78127 0.17369 
0.36988 -0.89555 
-0.22361 -1.26801 
1.29384 -0.49811 
0.66897 1.29436 
-1.91053 0.66855 
1.45432 -1.09798 
1.22428 -0.76586 
-0.09381 -0.07767 
-0.84418 0.58430 
-0.86837 -0.88023 
1.22261 -0.98763 
0.32950 -0.43441 
0.03668 -1.20844 
0.03652 -0.31786 
0.24711 -0.11774 
0.14289 -0.10023 
0.72163 0.18089 
2.01232 -0.33527 
0.47909 2.35064 
0.90342 0.33645 
-0.61125 1.32836 
0.64720 -0.38460 
-1.28539 1.80170 
0.14747 0.33344 
-0.24469 0.78533 
-0.82327 0.12049 
1.27989 -2.04790 
-0.48003 -1.02381 
0.66574 -1.46931 
2.51917 0.16360 
-0.05994 0.75665 
0.24198 0.25091 
-2.38821 -0.11935 
-1.65874 -0.64550 
2.80524 0.84151 
2.13497 0.35200 
-0.07717 -2.01152 
-0.15859 0.55587 
0.17462 -0.66106 
-0.36062 1.17645 
0.66502 -0.49269 
0.55017 -0.31752 
0.36719 0.16306 
0.33723 -0.91542 
0.66442 0.91132 
-0.81898 0.65396 
0.93806 1.30207 
2.05105 -0.23508 
-0.10856 1.15534 
1.54840 -0.44529 
0.14566 0.33152 
0.15896 0.80583 
-0.27904 -0.22141 
0.35534 -0.40760 
1.90669 1.16335 
0.02510 1.69550 
-0.16015 -0.61457 
0.21849 1.75144 
-0.87780 0.99688 
0.28085 1.23189 
0.01839 1.71937 
0.26678 0.27590 
1.26078 -2.47753 
-0.44705 -0.28260 
-1.40629 -0.26857 
0.63736 0.74224 
1.15314 -0.82421 
1.73044 -1.18507 
0.61605 0.33943 
-1.30919 1.06223 
-0.80590 -1.01784 
-1.29964 0.20171 
-0.87184 -0.22600 
-0.30044 -0.63614 
-0.17061 1.05207 
0.56846 1.38379 
1.35496 -0.55786 
-1.09735 1.89713 
1.74275 -0.05053 
-0.71714 -0.27210 
-2.32424 -0.10500 
0.10450 2.43001 
-0.23218 -2.03572 
-1.21656 0.34494 
1.08371 -1.33972 
1.68249 0.47556 
-0.37489 -1.60798 
-0.04966 0.15924 
0.18150 -0.64568 
1.00609 0.03014 
-0.56896 -0.15280 
-0.21776 1.13277 
-0.73661 0.35844 
-2.31539 -0.41864 
-0.12341 -0.15965 
-0.98014 -0.31561 
-0.58726 -0.57412 
-0.17906 -0.31162 
0.13445 -0.19708 
0.43676 0.04362 
-0.77113 1.85370 
-1.70411 0.20130 
1.06603 0.31775 
-2.21051 2.13707 
1.93309 0.17092 
1.60836 -0.66416 
0.33324 -1.00409 
-0.97071 0.24293 
1.06325 -0.81414 
-0.21463 -2.03958 
-0.54523 -1.18985 
-1.24794 -0.54994 
1.17134 -2.28461 
0.15116 -0.38226 
0.68982 -0.30396 
-0.77980 -0.24790 
-0.79160 -1.60879 
-0.57452 -0.73270 
-0.31837 1.63156 
-0.42532 0.13115 
-0.22431 -0.26297 
-0.03283 -1.57786 
1.50816 -0.56964 
1.31053 -0.89972 
0.30587 1.41826 
0.09345 1.24088 
-0.04369 0.51907 
-0.51142 0.88421 
0.09237 -0.83145 
-1.32373 0.51980 
-0.11046 -1.31606 
-0.73896 -1.37519 
0.01796 0.90424 
-0.94716 0.19621 
-0.93258 0.16477 
0.02802 -1.40528 
-1.28140 -0.86461 
0.63322 1.71331 
-0.19549 -0.10710 
0.33502 0.87136 
1.21116 -0.41496 
1.02948 -0.46904 
0.21779 0.27568 
-1.47260 1.46974 
-1.14141 -0.74783 
0.08889 0.28757 
-0.03904 -1.32743 
-0.31261 0.12702 
0.00137 -1.68691 
0.38518 -1.42577 
0.53720 0.27416 
0.37494 2.53953 
-0.22423 -1.15631 
-0.49146 -0.59532 
0.49897 0.03994 
0.92323 0.04283 
2.85632 1.32346 
0.91565 1.26139 
-0.35587 -1.94794 
-0.20854 0.04510 
-0.00785 -0.55477 
0.99333 -1.14875 
0.23726 -0.48393 
-1.19715 -1.51176 
-1.12319 0.46263 
1.77400 -0.50571 
-1.33971 -0.99778 
-0.15315 -0.22684 
1.29840 0.19761 
0.09038 -2.01094 
0.05641 -3.35860 
0.88317 0.80268 
0.78536 0.31707 
-0.12441 -0.99128 
0.19001 0.09507 
0.93916 -0.26581 
-0.91303 -0.21560 
-1.21343 -0.17244 
0.69725 0.24879 
-1.69565 0.55645 
-1.22880 -1.66324 
-1.40960 -0.01469 
1.59428 0.15995 
-0.22350 1.33636 
-1.31328 0.68793 
-1.31080 -0.01452 
0.83484 0.74309 
-0.84922 0.67124 
-0.84477 -0.22693 
0.32825 0.86366 
-2.20134 0.04176 
1.20457 1.11618 
-2.38778 -0.51820 
0.82680 0.48977 
0.16412 -0.09821 
0.18970 -0.35814 
-0.69824 0.31963 
-0.95461 0.39364 
0.49719 1.29264 
0.52920 1.39665 
0.29548 0.80953 
0.16860 -0.06998 
-1.04495 1.15403 
-1.13981 -1.47338 
-0.43541 2.31165 
-0.93382 -0.15892 
-0.85649 -0.99799 
-1.20827 -1.56613 
-1.62300 -0.47761 
0.76283 0.08453 
-1.04344 0.46581 
1.04951 0.17343 
-0.96652 -0.18657 
-0.62558 -0.01634 
1.06679 0.20210 
1.71497 0.41716 
-0.34219 0.73106 
0.80155 -2.47616 
1.43112 -0.68698 
-1.24669 -0.73103 
-0.70556 -0.02693 
0.11790 -0.55240 
-0.75741 -0.11577 
0.03477 0.03528 
-1.76397 -0.50463 
0.01369 -1.18806 
-1.07104 1.42867 
-1.31661 -0.36119 
-0.31407 1.32750 
1.32714 -0.13531 
-2.64934 1.01691 
-0.48055 -0.74381 
-0.97486 1.47136 
-0.55185 -1.57123 
-0.18880 -0.64088 
0.02743 -0.44262 
-0.23533 0.52165 
0.17823 0.15514 
-0.76876 0.95165 
1.29305 0.24412 
-0.47025 -2.09758 
-0.13816 0.64140 
1.25506 0.09327 
-1.18129 0.22156 
-0.23079 -1.04242 
1.25375 -1.66831 
-0.35089 0.75892 
-0.17732 1.37621 
1.85257 0.61528 
0.03498 2.20429 
-0.00561 0.04491 
1.45439 -1.64290 
-0.45182 0.30428 
-0.13248 -0.81509 
-0.13642 0.06631 
0.86844 -0.47502 
1.25077 -1.77707 
0.30566 -0.26077 
0.76677 -0.77371 
0.88746 -1.30625 
0.24595 1.21333 
0.09688 0.81759 
-1.07794 0.14084 
0.09358 0.81357 
0.94756 1.11504 
1.86045 0.71975 
-1.52141 -1.25987 
1.31674 1.25782 
-0.54431 0.42801 
0.42737 -1.37315 
-0.29234 0.99222 
1.41667 -0.43322 
0.85541 0.40750 
-0.59935 -0.18308 
0.18095 0.88528 
-0.16382 -0.29545 
1.70928 -2.21234 
-0.85032 -0.05766 
-0.71407 -0.07940 
-0.70251 -0.13150 
0.16167 0.50633 
2.08282 0.83996 
0.19972 1.18165 
-0.44786 -0.95033 
0.85407 0.95016 
0.04363 -2.17768 
0.85850 -0.44052 
0.72739 0.41929 
0.04589 0.05634 
-0.64251 -0.35497 
-0.34522 1.14834 
-1.81125 1.18752 
0.73298 -0.15548 
0.81269 -1.52249 
0.48420 0.39754 
0.52327 0.37302 
-0.60981 -1.75413 
1.12581 -0.29420 
-0.96219 -0.27611 
0.81474 -0.22746 
-0.84356 -0.73245 
0.75070 0.91221 
-0.34760 -1.88156 
1.76714 -0.62549 
-0.60720 -1.14511 
0.82144 -0.55731 
0.55900 -0.90866 
-1.48076 -0.49737 
0.88127 0.56848 
0.69703 -0.48785 
-1.36671 -0.45614 
0.49669 -1.18374 
0.40254 1.54481 
0.87435 1.64713 
-1.09191 -0.62312 
1.31036 0.33283 
0.78077 -1.50996 
0.06774 0.62209 
-0.61749 0.06655 
-0.64949 0.25055 
-2.27769 -1.81645 
-0.81941 -0.61215 
-0.57831 -1.42795 
0.05898 0.51290 
-0.45066 -0.25925 
1.23844 1.31765 
-0.73228 0.84135 
2.22013 -1.54091 
2.03907 1.28133 
-0.52468 0.95693 
0.40125 0.43590 
-0.15388 -0.76565 
-0.48802 1.86144 
-0.28662 1.66749 
0.75616 -0.42879 
0.55391 -0.20913 
0.87214 0.52176 
-2.56116 0.10573 
0.13153 1.19472 
-1.78958 -0.08712 
1.62361 1.14525 
-0.74345 2.05437 
-0.19871 -0.82797 
0.21591 -0.88045 
0.35728 1.41171 
-1.41499 -0.67601 
0.47541 0.75355 
1.16311 0.96771 
-1.94232 1.09498 
-0.41973 -0.24771 
0.37028 -0.47393 
-1.21799 1.39496 
0.59355 -0.46944 
0.32842 -0.67302 
-1.43253 1.16615 
-0.81100 0.48080 
2.25431 -0.44701 
0.15771 0.90441 
0.47086 -0.75415 
-1.95675 1.28541 
-2.43867 0.59997 
0.25742 -1.09691 
-1.13553 0.37646 
0.32966 -0.47505 
-2.00238 1.36217 
-1.39302 -0.65096 
0.18266 0.49083 
-0.98679 0.16034 
-1.32275 -0.68335 
-0.15249 -0.01308 
-0.12319 0.61448 
-0.46032 -0.37098 
-1.01215 -1.01212 
-0.53815 0.99167 
-0.97958 -0.87632 
-1.00744 -0.24068 
-0.60311 -1.16362 
-0.05575 1.01475 
-0.76657 0.00912 
-0.56696 1.12905 
0.00578 -0.07427 
-1.23464 -1.02572 
0.62574 -0.18448 
-1.97921 -1.08018 
0.60284 -0.55876 
0.59724 -1.42696 
-0.91172 0.06026 
0.15667 1.04381 
0.35706 -0.92886 
-0.49148 -0.55772 
-0.20921 -1.21842 
-1.10075 -0.15096 
0.02366 0.98507 
-0.91151 0.01938 
-0.37542 -0.28388 
0.99613 -0.58438 
0.34228 -0.31769 
1.25207 0.11483 
-0.30009 -0.66588 
0.78249 -0.04217 
-0.20234 -0.04896 
-1.89720 0.84510 
0.89287 0.88928 
-1.30951 0.17453 
-0.26414 -1.14946 
-1.20626 0.56262 
-1.12260 0.83964 
1.65374 1.64533 
-1.09800 0.31110 
0.18818 -0.09768 
0.08798 -1.20889 
-1.12169 -0.90998 
1.49195 0.49821 
-0.03381 -0.54959 
-1.81883 -1.38040 
0.22691 1.72434 
0.08688 -0.24240 
-0.00280 0.31309 
-0.77788 0.61491 
0.08537 1.37470 
1.45249 2.76309 
0.35028 -0.05741 
0.02571 0.42860 
1.13002 -0.09662 
1.91324 -0.69233 
0.42114 1.03346 
1.94129 0.68279 
-0.78475 1.27786 
-0.90677 -0.44460 
1.41549 0.49918 
-0.64852 -0.95483 
0.46196 -2.98478 
0.68417 -0.30257 
-0.09325 -0.68323 
0.54945 -0.69147 
0.01898 1.30832 
-1.77347 0.18966 
-1.29828 -0.30889 
1.53627 0.49433 
0.43543 1.28494 
-0.12506 0.50300 
-1.66185 -1.37778 
0.20130 0.43702 
0.99479 -0.39952 
-1.13251 -0.54229 
0.06027 0.57569 
-1.57583 -1.36311 
0.75104 -0.43758 
-1.03860 0.78338 
-1.82604 0.23722 
1.50035 -2.63294 
0.33216 -1.36685 
-1.36711 -0.90044 
0.34474 -0.88230 
-1.50747 -1.22327 
-0.46263 0.82795 
0.04064 -0.10782 
-0.98560 0.46447 
-0.13902 0.26757 
-1.24648 -0.21721 
0.66379 1.44288 
-0.96300 -0.76308 
-0.56483 -1.03249 
-1.37862 -1.04645 
0.23591 -2.31649 
-2.51006 0.15489 
-0.38174 1.52046 
0.11238 1.08869 
-2.04480 -0.48340 
0.49852 -0.55903 
0.24413 -0.41119 
-1.20523 2.34532 
-0.80573 -1.14682 
-1.36914 -0.39232 
0.61135 -0.19223 
1.16709 -0.72213 
-0.45223 0.49792 
1.07213 0.24965 
1.70098 1.55808 
-0.15613 0.06051 
1.02545 1.05218 
-1.36499 -0.95303 
-1.26520 -0.74894 
-0.05014 0.40620 
1.13652 -0.25511 
-0.35059 0.09896 
-0.94512 -0.74229 
-1.12723 -1.04172 
1.01781 1.47389 
-1.03974 0.19889 
0.97755 0.64221 
-1.02384 -1.55995 
0.06593 -1.78503 
-1.99613 -1.64024 
0.73573 0.56740 
-0.01793 0.46198 
1.01830 -0.16329 
-0.32678 0.15125 
-0.52969 0.80969 
1.45342 -0.37872 
1.82149 2.59216 
-0.03179 0.35322 
0.75115 -0.56757 
0.75742 0.27478 
-0.39844 -0.30392 
2.37987 1.92210 
-0.56936 -1.85375 
1.03259 0.01773 
0.57103 -1.02940 
-0.20893 1.02713 
0.80075 1.47509 
-0.10551 0.62510 
-0.50140 1.05736 
0.34324 1.06006 
-0.22333 -0.72490 
-1.63813 1.36001 
-0.13115 -0.22842 
-0.77109 1.26905 
0.42776 0.65391 
0.64467 0.36965 
0.85622 0.08416 
-0.34521 -0.41919 
-0.37041 -1.10672 
-0.36134 -0.39580 
0.51369 0.56827 
-0.35551 0.29009 
0.00910 0.16738 
0.19030 1.23321 
0.21359 0.31865 
0.97592 1.28372 
-0.68526 0.61890 
0.77845 -0.88327 
-0.79038 0.02301 
-1.10929 -0.58270 
2.05606 0.07667 
-0.44894 -0.76508 
0.38707 -0.34043 
-0.35937 -0.77778 
-0.13299 -0.20694 
-2.50458 -0.97952 
0.17704 0.31150 
0.23381 0.00961 
1.56124 0.23665 
1.09294 -0.72269 
0.07869 1.32330 
-0.36375 0.82897 
-0.14931 -0.40113 
0.11032 -0.06946 
0.01957 0.45880 
-0.96126 -0.40445 
1.10472 0.51108 
-1.20555 -0.71631 
-1.27517 0.24559 
0.87318 0.50717 
0.07343 0.85838 
-0.28102 -0.71343 
-1.11075 -0.67309 
0.02640 0.73214 
-1.27582 0.13915 
-0.65872 0.97694 
-0.23776 -0.25745 
1.90809 1.84720 
-0.97487 -0.54300 
-0.75552 0.15838 
-0.41603 -0.79162 
0.37495 -0.90399 
0.78458 1.25698 
0.43977 -0.90436 
2.06574 -0.80627 
1.71090 0.52532 
0.35330 -0.22808 
1.36851 -0.75729 
0.70590 -1.07344 
2.06805 -0.50071 
0.69104 -0.02113 
0.40884 0.60300 
0.50345 -0.33879 
-0.86371 -1.19337 
0.96335 0.56580 
-0.81724 -0.56579 
-0.93013 -2.75335 
0.15558 0.33933 
-0.77990 -0.39636 
1.98407 0.35115 
-1.10197 -1.74264 
-0.27921 0.13566 
1.11048 -0.69258 
-0.68515 0.21986 
-0.44046 -0.21279 
0.67950 -2.07617 
-0.98762 0.26917 
-0.04437 0.40817 
-0.42100 0.06790 
-1.09284 -1.09545 
-0.26061 1.72373 
0.59791 2.50087 
-0.04757 0.98838 
-0.15861 -1.33134 
1.12059 0.18056 
1.00373 0.74865 
-0.11988 -0.06142 
-0.44588 -0.07020 
-1.99891 -0.40397 
0.15052 0.19985 
1.68194 -0.58333 
0.77629 -1.63603 
0.34340 -1.01746 
1.59244 -0.39740 
0.78702 1.38994 
-0.28902 -1.42069 
-0.71533 -0.78417 
-0.61969 -0.34591 
-1.75358 -1.53386 
0.05461 1.51592 
-2.04627 0.34375 
-0.35353 1.17641 
1.44574 0.55607 
-0.45560 -0.48123 
0.98995 0.85650 
1.82649 0.34863 
-0.43333 -0.08974 
-0.42905 0.37035 
0.99510 2.25337 
-0.79715 -0.27984 
1.93763 -0.06583 
-0.51963 0.63044 
-1.61127 -1.78730 
0.08418 1.31137 
0.23352 -1.56412 
-0.34594 0.29227 
-1.01546 -0.75139 
-0.73441 0.71446 
-0.48606 -0.51995 
0.56102 -0.97570 
-0.40983 -0.40335 
0.22095 -0.87504 
-0.24176 0.76057 
-0.40526 1.32864 
0.71036 0.58808 
0.51801 0.33225 
1.20285 -1.44097 
1.18140 -0.38668 
-0.68293 -1.07267 
0.60763 -0.75572 
-0.33480 0.31545 
0.05886 0.65330 
-1.70262 -0.50229 
0.59034 0.32047 
-1.15491 -0.84888 
-0.64414 -0.26770 
-0.07707 -0.16117 
2.06931 -0.84708 
0.44974 -0.57252 
-1.41144 0.02034 
0.35531 0.01294 
-0.26053 -0.51431 
-2.20582 1.43828 
-2.01461 1.70716 
1.64290 0.89301 
-0.29509 0.63609 
2.29388 0.35343 
-0.52685 1.69803 
-1.12798 0.17566 
0.69894 -1.07981 
-0.14865 -1.41657 
-0.76194 -0.88174 
-0.36718 0.04475 
1.35415 -0.50883 
-0.02806 1.09797 
1.13987 -0.72318 
-0.33073 -0.69701 
0.34453 0.22495 
-1.35908 1.59417 
-0.01411 0.15537 
0.25203 0.20631 
1.56033 -0.49821 
0.83103 -1.02262 
1.16563 -0.65207 
0.37184 0.10288 
-0.88449 0.88425 
0.21890 1.52439 
-1.70011 -1.22260 
-0.83212 -1.76304 
-0.18143 1.36009 
0.63877 -2.10693 
-0.73400 -0.78901 
-0.69470 -1.00410 
-0.91669 0.31884 
0.28574 1.66044 
-0.22336 -0.74558 
-0.63350 -1.21984 
-0.53166 -1.76755 
0.01681 -0.40785 
0.53073 0.48528 
2.44089 -0.79208 
-0.64647 -0.20950 
2.22875 0.04656 
-1.71357 0.49190 
-0.49322 0.49531 
0.90401 -0.40585 
0.56067 0.31885 
-0.07999 0.75154 
0.40798 0.81725 
-1.06124 0.36659 
0.42825 -0.37052 
1.38093 0.59164 
0.23981 0.53544 
-0.51584 -0.11884 
-0.67028 -1.10789 
1.81088 0.40883 
1.44448 -0.41735 
-0.56020 -0.56796 
-1.51587 0.02036 
-1.30406 -1.24845 
0.30676 0.58063 
0.98485 0.03378 
-0.54480 0.72349 
-2.69523 -0.82819 
-0.02836 -1.91460 
0.33392 0.72214 
1.13309 1.39290 
-1.35477 0.41565 
1.18222 0.52445 
-0.41587 -0.45794 
-1.06761 0.82017 
-0.24785 -0.45072 
-0.70086 1.55113 
-0.84718 -1.00967 
-1.75789 0.62686 
-0.25026 0.03031 
0.18819 0.42711 
-0.37547 -0.13717 
-0.53889 -1.25114 
-0.75154 0.26826 
0.82704 1.48047 
-0.65038 -1.50178 
-0.28545 -1.80322 
2.12511 1.79839 
0.50133 2.07406 
0.45560 -0.65884 
-2.23413 0.04954 
-1.86235 -1.93187 
0.25197 -0.63306 
-2.44384 0.32765 
-1.89700 -0.33335 
-0.34025 -1.25058 
2.29670 1.64980 
-0.59696 1.18486 
-1.01998 1.29139 
-0.26932 1.10438 
-0.92494 -0.13575 
-0.05141 -0.42875 
-0.33401 0.35932 
-2.54669 1.53116 
0.94236 -0.55183 
1.40657 0.97336 
-0.71383 0.43612 
-0.96676 -0.31720 
0.08651 0.52612 
-0.40990 -0.68629 
0.36663 -1.40890 
-0.09977 1.76492 
-1.79321 -0.56510 
-0.68492 1.17794 
-0.72741 0.53637 
-2.35416 0.61108 
0.90670 -0.38132 
-0.61994 -0.68173 
2.21910 0.04261 
-0.43848 -0.38856 
-0.58620 1.24459 
-0.30179 1.51703 
0.72137 0.78504 
2.25777 -1.82293 
-1.28008 -0.95389 
0.66686 1.27658 
2.22427 -0.36231 
0.64892 -0.83543 
-0.98945 -0.22942 
-0.59932 -0.40995 
-0.39628 1.73486 
-1.06787 -1.81032 
-0.04842 -1.00658 
-0.67247 -1.28419 
-0.78801 0.00247 
0.25705 -1.00909 
-0.03240 -1.26966 
-0.89552 -0.16570 
1.74494 -0.80262 
1.10045 1.38913 
0.52117 0.29750 
0.17570 1.83003 
0.60545 -0.00949 
-1.00238 0.93586 
0.51862 1.78038 
-0.92803 0.70049 
-1.77598 0.46703 
0.25285 0.32242 
-0.39232 0.04114 
0.28649 0.37036 
-0.09982 0.05511 
-0.14503 -0.41536 
-0.28059 -2.18500 
1.43070 -1.43322 
-0.53343 -1.22236 
0.37348 1.38915 
1.66862 0.83871 
-0.84264 0.01722 
-0.18044 -0.19438 
0.36874 0.81749 
0.21720 0.37214 
0.46537 -0.28476 
1.03533 0.49957 
0.09410 0.36406 
-0.19039 0.61960 
1.19327 -0.96129 
1.63796 0.43989 
-0.88921 -0.02792 
0.91243 1.33232 
-0.17003 -0.13774 
0.69976 0.71150 
0.04050 0.96138 
0.11802 0.60929 
0.25266 -2.06777 
-0.09860 -0.01654 
0.25862 -1.93662 
0.67361 -1.39078 
0.75707 0.60808 
-1.17872 0.64490 
-1.63286 0.26791 
0.29281 0.20951 
0.53633 -0.69241 
0.39034 0.43911 
1.35963 0.32561 
0.91103 0.67965 
-0.57653 -1.03367 
-0.34756 1.10062 
0.12184 -2.62793 
0.83706 -1.65063 
-2.31783 -0.23071 
1.27374 -0.82990 
0.27451 1.44415 
0.58226 0.93871 
-0.46452 -0.22485 
-1.05586 -0.85062 
-0.34003 -0.97286 
-0.25474 -0.60471 
-2.31114 -1.19567 
-0.45770 1.64007 
-0.37243 0.83748 
-0.26474 -1.00535 
0.66709 -0.92079 
0.81682 -0.21952 
-1.60850 -0.08329 
0.92556 0.04900 
-1.37092 0.39992 
-0.02120 0.30839 
-1.02607 0.67023 
0.51173 1.20622 
-0.29733 -1.84821 
0.18329 -1.66404 
-0.62160 0.37283 
-0.60214 0.05491 
1.22875 2.60544 
2.13335 -1.39201 
0.00653 0.09973 
1.72239 0.76329 
1.27876 0.74917 
-2.36645 1.88521 
-1.57782 2.36273 
1.60846 0.42199 
-0.56937 -0.82304 
1.64769 -0.33006 
-0.84477 -1.27305 
0.88798 -0.54053 
0.63905 1.03188 
-1.02639 -0.52875 
-0.69654 -0.02162 
-0.12060 -0.46176 
-0.81295 -0.64217 
-0.91809 -0.11799 
-1.00984 0.38336 
-0.11402 1.31857 
0.82372 0.24336 
-0.26989 0.65052 
-0.36506 0.64755 
-1.07147 -0.70579 
1.20515 -0.54833 
0.26064 2.26104 
-0.73997 -1.45431 
-0.02510 -0.90672 
0.37424 -1.14470 
-0.46341 1.55304 
-1.21366 0.53821 
0.07078 1.73693 
-0.87826 -0.19591 
0.57138 -0.39607 
1.51305 -0.30192 
0.14299 0.00735 
-0.15356 -0.00163 
0.80361 -1.32447 
-0.32885 0.01148 
-0.14235 1.28723 
0.37031 -1.43962 
1.40152 -0.44544 
-0.74021 -0.35049 
-1.44148 -0.62091 
0.88765 0.10793 
0.03604 0.82508 
-0.16391 -0.81149 
0.14362 -1.42463 
0.47816 0.49031 
-0.64776 -0.17350 
0.21357 -0.51294 
-0.72129 -0.55187 
-1.80478 -0.28423 
-1.00844 2.19350 
-1.13191 0.61264 
0.93974 -0.94854 
0.44019 -0.59211 
-0.15539 0.63906 
0.98048 -1.27876 
1.46075 0.57272 
-0.38677 -1.31595 
-0.41263 -1.12618 
1.17273 0.21519 
-1.40857 -0.82664 
-0.34565 -0.52109 
-1.32780 -0.26992 
-0.10426 0.74130 
0.19353 -0.41497 
0.46581 -0.32760 
0.78111 -0.20407 
0.31203 -0.63322 
-1.08376 -1.71744 
-2.24436 -0.51608 
-1.24169 -0.24691 
-0.83228 0.45307 
-0.82926 0.27893 
-0.19478 0.11096 
0.99945 -1.26825 
-1.20056 -1.76055 
-1.00643 -0.49432 
0.50973 -0.41249 
-0.27569 2.49655 
1.86377 -0.37298 
-1.50506 -0.97578 
-0.64003 0.19256 
-1.06305 -1.02814 
0.45906 -1.31067 
-0.53993 0.67049 
-0.06487 -1.10413 
1.41260 -0.69167 
0.19109 -1.89447 
-0.19771 -0.06310 
0.27846 1.13275 
-0.22901 -0.13004 
-0.37189 0.88311 
-0.86405 -0.40318 
-2.12135 0.21346 
0.29610 -0.59383 
0.49336 -1.05621 
-1.69465 -0.92331 
-2.00521 0.91110 
0.32531 0.11261 
-2.28936 1.05580 
0.89053 -0.86705 
0.30582 -0.90834 
0.72319 0.45964 
1.40302 -0.06714 
0.49200 -0.37868 
1.01701 1.66034 
0.70471 -1.06566 
0.64551 -0.64161 
1.17196 -1.37329 
2.36497 2.08907 
-1.56878 0.77095 
1.73099 -0.40707 
-0.89272 0.93044 
-0.95573 -0.42500 
0.28569 -0.64792 
-0.70324 -0.81397 
-1.76935 0.04647 
0.71740 1.31436 
-0.38696 -0.51274 
-0.72206 1.44005 
-1.09293 0.57269 
1.41230 -1.70280 
-1.44761 0.79899 
-1.56058 0.39545 
1.03078 -1.86635 
-0.02320 -0.47884 
0.18549 -1.74062 
-0.99316 -0.83986 
-0.46721 -0.04173 
1.34133 -0.34477 
0.45168 -1.24781 
-0.61750 -0.65590 
0.64893 0.05106 
1.32468 0.35252 
0.23530 -0.13097 
0.74436 0.73208 
0.29838 1.00703 
1.15371 0.01417 
0.76336 1.52334 
-1.34805 -1.53359 
1.15371 -0.75661 
1.01668 0.89783 
-0.50416 -1.99570 
1.71629 -0.40487 
0.14546 0.74760 
0.66956 -0.95835 
-1.73336 0.34100 
-1.58921 1.81321 
0.67857 -1.30959 
-1.31264 -0.89805 
0.42644 -0.94290 
-1.03656 0.25490 
-0.50765 -0.13505 
0.64919 -1.58655 
0.41255 -0.23052 
-0.65278 0.49195 
-1.06988 0.63495 
0.92389 -0.12586 
0.30265 0.44359 
-1.44374 -0.16386 
1.95547 -2.43939 
2.81772 -1.18070 
1.25163 0.74947 
0.05905 -0.63473 
0.82448 0.50188 
0.05024 1.74620 
0.65637 1.19749 
1.10353 0.75223 
-1.07777 -0.90161 
0.22107 -1.01450 
0.21071 0.42296 
-0.15488 1.36428 
-0.93696 1.49440 
2.10208 -1.04225 
-1.15750 0.86151 
-0.75495 -2.13208 
1.61940 0.58236 
0.08711 0.16946 
0.78363 -0.00801 
-0.09749 -1.62848 
0.05373 -0.77144 
0.88069 1.44076 
1.62224 -0.79179 
2.50751 0.29297 
0.39749 0.29552 
0.58245 -0.40564 
0.34260 0.42157 
-1.92459 1.80934 
-3.03522 -0.29738 
-0.35202 -0.19314 
-0.31267 1.25626 
1.15812 0.30430 
0.01675 0.34157 
0.50310 -0.14547 
-0.45432 1.87139 
0.28302 -0.54835 
-1.57927 0.80078 
0.67636 1.56278 
0.18832 -0.73706 
0.67151 -0.29708 
-1.15709 -0.66544 
0.03985 1.24006 
-0.98464 0.09041 
-1.07479 -0.58572 
-0.66582 -0.89632 
0.51984 0.90354 
-2.61674 0.17361 
-0.46645 0.34430 
-0.36907 0.08277 
-0.66447 0.33634 
-1.11114 1.22484 
-0.57048 -1.73707 
-0.44075 -1.17685 
-1.81306 0.48183 
0.56959 0.88898 
-0.21818 -0.43108 
-0.79724 1.18659 
-0.05902 0.04035 
1.33297 -2.61130 
-0.98364 -0.09455 
1.12575 -0.93190 
-0.36326 1.67669 
-2.06902 -2.09937 
0.21945 -0.85329 
-0.01515 1.35690 
0.19169 0.08686 
0.92074 -0.58529 
2.09197 0.10131 
0.37397 0.16463 
0.37627 -0.37451 
-2.21174 0.71865 
0.07689 -0.25798 
-0.92042 0.78427 
-1.37033 1.89389 
-0.76904 -1.80373 
-1.73229 0.28944 
1.91655 0.74908 
1.43721 -0.85551 
-1.01255 -0.70600 
-0.40062 -1.26952 
0.65471 -1.05833 
0.11189 -1.25666 
-0.91727 1.97273 
-0.31774 0.16753 
0.98643 0.39775 
-0.52979 -0.15197 
0.24268 -0.09970 
2.50597 -0.41794 
-0.79122 -0.73769 
-0.76681 -0.01964 
0.70371 -2.63322 
0.95651 1.28940 
-0.14982 0.36533 
0.20691 1.18087 
1.00673 -0.18827 
0.15935 1.04497 
0.67897 -0.61484 
0.23776 -1.61995 
0.07998 -1.46411 
-0.00107 1.68241 
0.99086 0.48901 
0.04516 0.44066 
-0.39004 1.00528 
-0.18821 -0.23818 
0.51677 -0.39916 
-1.08064 -1.66088 
0.83764 -1.17989 
1.56710 -1.82409 
-0.22314 0.70384 
-0.79779 -2.02449 
1.17137 -0.08522 
-1.65472 -1.35487 
-1.46388 0.97573 
2.23948 -0.45096 
0.54884 1.63961 
0.70260 -2.07774 
-0.34179 -1.91395 
-0.23624 2.07854 
-0.34162 0.33643 
-0.06908 0.17898 
0.05789 -0.92928 
0.18325 1.47724 
1.32692 0.56435 
0.34064 -0.24822 
-2.40222 -1.00682 
0.53000 -2.03788 
0.70691 -0.50579 
0.77949 0.05931 
1.44242 -1.75820 
-0.29459 -0.16139 
-3.46658 0.66302 
-0.23941 0.21562 
0.59466 0.38244 
0.17085 1.32941 
1.45488 -0.78054 
-1.38916 0.50052 
-0.83521 2.22730 
-1.78153 0.76582 
-0.12192 0.33031 
-1.24088 1.42979 
-1.20271 -1.35262 
-0.14543 -1.02429 
0.12719 0.79774 
-0.34005 1.85668 
0.50248 -1.24504 
0.49646 -0.33152 
-1.02076 -0.63431 
0.18688 0.29246 
-1.42844 -0.03956 
-0.73305 0.31549 
1.76885 0.00486 
-3.00148 0.53918 
-0.73560 2.32086 
0.76264 -1.08687 
0.47543 -1.76084 
0.19170 1.67041 
-0.73024 -0.55442 
1.44352 0.03832 
1.20041 1.48852 
-0.23024 0.11213 
0.66191 0.25086 
-1.44834 1.14991 
-0.06408 0.95890 
0.66316 0.95243 
0.74360 0.10188 
-1.65439 0.47835 
-1.37103 0.29048 
-1.53453 0.45713 
-0.60604 1.37180 
2.06376 2.13747 
-0.34243 0.21454 
0.63598 -0.04044 
-1.19885 -1.21763 
-1.48885 3.00116 
1.67061 -0.72796 
0.20601 0.52901 
-2.09447 1.52865 
-0.94453 -0.57604 
-1.46900 0.16046 
-0.28644 1.06768 
-0.40530 -0.21794 
-0.49306 1.94529 
1.26110 -0.17252 
-0.16138 -0.10651 
1.11063 1.77112 
-0.19754 1.73802 
-0.32968 -0.21552 
-0.04559 0.31591 
1.04037 -0.19724 
-0.19510 0.59908 
0.47429 1.38129 
0.77577 -2.84452 
0.30822 2.01215 
0.21386 -0.95677 
-0.18536 -0.26427 
0.31862 -0.68999 
1.19506 1.78368 
0.61866 0.08605 
-1.14065 -1.13134 
-2.28876 -0.44604 
2.21463 0.69073 
1.58313 -1.05972 
-0.01658 -0.31771 
-1.20603 2.28137 
-1.62343 -2.30082 
1.06197 1.74399 
-0.49212 1.57003 
-0.33997 -0.30573 
0.02467 0.09934 
0.48077 -0.90552 
-0.14215 -0.80740 
0.18757 0.43539 
0.82366 1.06688 
-0.74381 -0.96591 
0.51722 -0.42742 
-0.02666 1.64809 
0.99393 -0.59395 
1.10851 0.64592 
-0.94818 0.24182 
0.52011 0.31075 
0.32711 -0.09394 
0.61663 -0.66415 
-0.99745 0.38510 
-0.07104 0.78237 
-0.42156 0.46515 
0.15173 -0.08915 
1.70035 0.30882 
0.28579 0.51960 
2.90736 -0.29431 
0.61077 -0.97762 
0.09700 1.56552 
0.56083 -0.20059 
1.63459 1.74607 
-1.56464 1.12716 
-0.87984 0.90697 
0.41669 -0.89825 
0.75549 0.46622 
1.69234 -1.45430 
0.50449 1.43690 
0.09201 0.63251 
0.17611 -0.68255 
1.25104 -0.16519 
2.15508 -0.71694 
-0.29731 -1.03840 
1.12303 -1.31321 
0.02024 0.37679 
-1.63048 0.04874 
0.27244 -0.71808 
-0.32314 1.20673 
0.04764 -0.59923 
0.78296 1.87991 
-0.48177 1.67358 
-0.06137 -0.48232 
1.37246 -0.87342 
1.31293 0.35253 
2.03951 -0.36149 
-0.94812 -0.70662 
-0.54471 -0.00338 
-0.74639 -0.61948 
0.29621 -0.04465 
-0.52365 -0.88599 
-0.11123 0.01508 
-0.40308 0.35383 
-0.46070 1.27425 
1.24494 0.10291 
0.52192 -0.64493 
-1.85721 -2.03812 
0.37242 1.72539 
0.67361 0.10457 
1.33394 1.79977 
-0.12903 -0.90229 
-0.72318 -0.08585 
-1.43843 0.14897 
-0.66470 0.60963 
1.15879 -1.28154 
-0.19886 -0.60137 
-0.45474 -0.27240 
-0.49711 0.35963 
-0.90649 0.55720 
0.08102 -0.75523 
-1.02706 0.86902 
-0.71820 0.74293 
1.34758 -0.03995 
0.77611 1.15054 
-1.48434 0.55803 
-1.36421 -0.83703 
-0.86750 0.68129 
-1.91833 0.91438 
0.47601 0.81132 
-0.43849 -1.93245 
0.07226 -1.13663 
-0.75488 -0.76131 
2.48698 -0.47778 
0.34094 0.22009 
-0.84959 -1.86733 
2.31431 1.23538 
-0.15526 0.66811 
-0.03145 0.59720 
-0.18385 -1.70128 
-0.96787 1.26955 
-0.80537 1.37022 
-0.47072 -0.80742 
-0.30372 1.53424 
0.51200 -0.81091 
0.56417 -2.07801 
0.82915 0.41897 
-0.42880 -0.72195 
-0.78509 0.18517 
1.35521 1.18261 
-1.08303 -0.80432 
1.39302 -0.54983 
0.91224 0.13919 
0.26118 -0.31332 
0.60182 1.53804 
0.12733 1.12034 
1.24272 -2.39497 
-0.75334 -0.21680 
-0.18938 -0.52797 
-1.41072 -1.53289 
2.25743 -0.19409 
0.24279 -0.33762 
0.10546 -0.15151 
0.12364 0.05087 
0.55486 0.97611 
-0.52136 -0.06986 
0.58143 0.52358 
-1.35142 -0.79128 
-0.89245 0.98144 
-0.31325 1.44578 
0.22739 -0.82849 
1.35919 1.69861 
-0.19053 0.04760 
0.33423 1.55501 
-1.12701 -0.19261 
0.40990 1.62718 
0.50172 -1.36933 
-0.39908 -0.42371 
2.40262 -1.17487 
0.77922 0.79288 
-0.21170 0.46176 
0.53467 1.97294 
-0.26783 -1.73465 
-1.32194 -0.37875 
0.15538 -0.49934 
0.58435 1.69687 
-0.49021 0.45571 
-0.89132 0.79747 
0.09732 0.77657 
-1.12297 0.51927 
-1.04980 1.20960 
1.18915 -1.08097 
-0.81935 0.50953 
-0.36863 0.03883 
-1.77025 -0.14295 
2.54297 -0.41806 
-0.62294 1.00153 
0.85753 0.55542 
-0.69661 1.02367 
-0.52760 0.97832 
0.85309 -0.06865 
1.08906 0.63007 
-1.14805 -1.35712 
-0.93111 -1.13131 
-0.03653 -0.21794 
-1.15492 -0.76841 
0.26194 -0.54130 
0.69370 -0.34248 
-0.40407 -0.72780 
-0.12403 -0.85893 
-1.17385 -0.23441 
-0.34103 -0.94561 
-2.07010 -0.75708 
2.25834 1.14092 
0.26883 2.05852 
-0.05974 -0.33707 
1.72598 -1.00109 
-0.16299 -1.20665 
-0.31611 -1.15066 
-0.84010 -0.82930 
-0.36655 0.62775 
0.76091 0.27647 
0.59762 1.69709 
0.37127 0.09219 
0.15113 0.64739 
-0.96934 0.81499 
-1.87815 -0.21674 
-0.25126 -0.30389 
0.07736 0.35282 
0.32373 0.34641 
0.63841 -0.12666 
-1.13912 -0.58388 
-0.39461 0.15612 
-0.26195 0.92491 
0.29115 0.64141 
0.63261 0.73991 
-0.89703 -1.08450 
-0.41278 -0.53580 
0.83170 -0.41268 
0.56841 0.70128 
-0.01158 0.96537 
-0.13349 -0.44301 
-0.33203 -0.62941 
0.35154 0.87065 
-0.68208 1.40625 
1.70354 1.38044 
-0.80315 -1.39703 
-2.18589 0.05420 
-0.09422 0.73929 
1.19061 0.79965 
-1.22904 -1.47665 
0.64276 0.15123 
-0.49705 0.23949 
1.29276 -0.60236 
-0.44331 -0.43072 
0.14816 0.49235 
1.89199 -0.37820 
0.17207 -0.38527 
-0.19196 -0.15131 
-1.51725 0.38881 
0.92980 0.90794 
0.59147 -0.58676 
-0.40934 -0.96327 
-1.54063 1.39637 
0.71251 -0.37991 
0.30643 1.19248 
-0.83369 0.32685 
-0.91136 -0.09571 
0.05413 0.04618 
-0.64985 -1.10616 
-0.27068 0.43789 
0.78052 -1.32278 
-0.96074 -0.23718 
-0.42121 1.29983 
-0.42560 -0.80753 
0.73869 0.44081 
0.77192 -0.55118 
0.81523 1.08597 
2.02834 -0.18930 
-0.10017 -0.59192 
0.07658 0.39173 
-0.10720 -0.00779 
0.82906 -0.20538 
-0.90437 -2.52367 
0.22968 -1.06652 
0.57538 0.83904 
-0.55059 0.38842 
-0.74874 2.27969 
-1.01621 -0.45292 
1.00871 -0.97997 
-2.11883 -1.08376 
0.66694 1.43004 
0.17419 0.30454 
-2.06688 -0.07303 
-0.65569 -0.15053 
0.76286 1.58622 
-0.02017 0.93032 
-0.22019 -2.01364 
0.94338 1.14945 
0.60566 -0.44597 
2.02373 1.04037 
1.01509 -1.40198 
-0.75646 0.19143 
-1.06578 1.39741 
2.57780 1.58267 
0.41742 0.63725 
0.65712 -0.23408 
-0.42278 -1.30479 
-1.18886 -0.44089 
-0.03783 0.14996 
-0.10489 0.34394 
0.55123 -1.04974 
0.44918 2.22015 
0.23357 -0.25941 
1.24204 -0.67989 
-0.10939 1.90150 
-1.03458 -0.05815 
1.51633 0.59400 
-0.58836 0.71881 
-0.35559 0.88763 
0.52462 1.63330 
-0.33138 1.65059 
-0.77953 -0.48326 
-0.53206 -1.02136 
0.54680 -0.73652 
1.95422 -0.78498 
-1.29627 0.85800 
0.81200 0.11984 
1.36052 -0.98726 
-1.37246 -0.24844 
0.50435 0.27722 
0.43962 0.36428 
0.33144 -0.46545 
-0.62568 -0.19944 
-1.13729 -0.39767 
-0.52162 1.42567 
-2.00961 0.61379 
-0.85212 0.22089 
0.15999 -1.29047 
-1.25758 -0.82356 
-0.59482 1.66048 
-0.23394 1.00089 
1.13323 1.13986 
1.57088 0.56079 
0.05513 -0.77374 
-1.18121 1.81600 
1.27734 -0.27201 
1.96637 1.20914 
-0.13916 -1.12876 
0.73511 1.54467 
0.36058 -1.04228 
-0.90246 0.53774 
0.23283 -0.80146 
0.61198 -2.76536 
1.17784 -0.16604 
-0.02272 -0.26557 
1.67695 -2.42985 
-1.16149 0.23668 
0.83529 1.13496 
0.31305 -0.35243 
-0.70626 1.74547 
0.68555 -1.25176 
1.34004 -0.47364 
-1.07424 -0.27283 
1.84618 -1.19147 
-0.53374 0.67539 
-0.00096 1.80910 
-1.92437 1.32551 
-0.16276 -1.31787 
-0.44472 0.70940 
-1.79033 -1.81863 
0.16280 -1.84707 
-1.25096 1.40228 
-0.52304 -1.26004 
-0.89267 0.13609 
-2.26715 -0.95993 
0.89629 -0.77325 
1.35480 -0.77133 
-0.70591 -0.69161 
0.64629 -1.01215 
-0.98031 -2.18067 
-2.67387 -0.61450 
-0.91423 0.67556 
-1.09812 0.54716 
0.23564 -0.58741 
0.27658 -0.57407 
0.41308 0.79328 
-1.00839 -1.37727 
0.74174 0.18199 
-1.96404 -0.67792 
0.87447 -2.83764 
-1.82578 -0.25162 
1.07860 -0.12206 
1.04234 -0.62435 
1.06100 0.98305 
0.56366 1.91558 
0.73675 0.46545 
-0.06526 -0.68454 
0.76897 -0.17392 
-0.60493 -0.55114 
0.11336 0.60143 
-0.00824 0.89078 
1.92166 0.29286 
0.28782 1.72811 
-1.72239 1.19974 
-0.14050 -0.93694 
-0.99024 0.09738 
-2.13295 0.08778 
-0.43822 -0.32358 
-0.96654 0.70359 
0.71996 0.73878 
0.03010 -1.22109 
1.09148 -0.12777 
2.28502 -0.80829 
-2.51239 1.67114 
0.17238 -1.03155 
-0.91346 0.48753 
-0.31977 0.57203 
0.63716 2.54815 
-0.43105 0.12861 
2.12859 -0.18950 
-0.00130 0.02038 
0.38450 0.55599 
-0.79791 0.58305 
-2.04958 -2.21816 
1.03679 -0.19285 
-1.72413 0.29706 
-0.87246 1.04566 
-1.00758 -0.20370 
0.36592 -1.07274 
-1.27544 1.15069 
-2.17694 0.46540 
1.51221 0.47986 
-0.08844 -0.47216 
-1.70255 1.64467 
0.51846 -0.17055 
-0.88037 0.39358 
0.35395 0.44314 
3.13582 1.34435 
0.74120 0.41943 
1.75577 0.24562 
0.46840 -0.93253 
-0.49999 -0.38068 
0.99121 -0.97985 
1.23271 -0.10182 
1.04219 0.43207 
0.63760 -0.70893 
-0.58169 0.05992 
-0.84582 0.56195 
-0.78443 -0.54995 
0.38296 -0.98491 
-1.13102 -1.52324 
-0.96541 0.27240 
1.02101 -2.29261 
-1.00630 -0.41373 
2.35135 -1.09181 
2.23879 -0.59740 
0.84437 0.87530 
0.06413 0.99489 
0.09276 1.01655 
-0.95775 0.51471 
0.50976 -0.13368 
0.88090 -2.20059 
-1.27038 -1.05597 
0.07868 -1.21123 
-0.62250 -0.25889 
0.26474 -0.90476 
1.17100 -0.22473 
0.80356 0.09396 
-0.48473 -0.96544 
-0.34609 -1.98383 
-0.48753 0.67872 
-1.04725 -1.15777 
0.36653 -0.64775 
-0.94061 0.11397 
1.21401 -0.49981 
0.01011 -1.29847 
0.57482 -0.01222 
-0.31618 -3.05763 
-0.04912 -0.03075 
0.08764 0.23415 
-0.41805 -0.91220 
-0.70841 -1.15677 
1.85300 -0.35497 
-0.05647 0.01269 
0.88011 -0.45127 
0.36190 0.22737 
0.45952 -1.52683 
2.00291 0.42764 
0.34341 -0.72521 
-0.48455 0.76864 
-0.38773 -0.26027 
-1.34623 0.05709 
0.30003 0.32699 
1.10154 1.10947 
0.36487 -1.02820 
-0.79722 -0.08172 
1.62967 -0.80771 
0.28844 1.20548 
0.35860 -0.28312 
-1.07330 0.96084 
1.14121 0.10724 
-1.61854 1.03818 
-0.14281 0.30054 
-0.57727 0.36813 
-0.84159 -2.22656 
-2.17917 1.52788 
0.01237 1.43279 
0.94716 -0.15031 
-0.14854 1.48935 
-2.04172 -0.38090 
-0.40217 -1.69224 
0.10500 1.09022 
-1.46778 -0.21895 
2.10823 -0.65831 
1.18308 -2.40915 
-1.01919 -0.77707 
-2.22236 -0.80812 
0.00635 -0.28015 
0.92706 0.13964 
0.35563 0.63580 
0.92534 1.00755 
0.79055 -0.33295 
-0.49239 0.68158 
-0.35065 0.55010 
-0.23566 1.85834 
0.64224 -0.60083 
-1.24138 1.55642 
-0.39838 -0.06774 
2.31977 1.05267 
-0.13580 1.04746 
0.02612 -0.71594 
0.15560 -0.46428 
-0.63880 -1.52543 
0.45356 1.04220 
2.58800 1.95400 
-0.30780 -0.80639 
1.14854 0.57751 
1.03764 0.09068 
0.82520 0.30108 
-1.90820 -1.74334 
2.06022 0.77750 
-0.84703 1.54502 
0.41721 -1.20175 
-0.22013 0.98998 
-0.85955 -0.70734 
1.06502 -0.89049 
-0.70550 1.52742 
-0.89423 -0.55919 
-0.67420 -0.28629 
-2.00558 -0.34311 
0.34243 0.22271 
1.06530 1.49982 
1.04756 0.90511 
1.06828 1.71182 
-0.07044 -0.82265 
0.03912 -0.83852 
0.03386 0.66785 
-0.08595 1.44657 
0.51839 -1.03688 
-0.39308 -0.31641 
-1.14339 1.40641 
1.64733 0.49483 
-0.67624 -1.35500 
-0.63617 -1.99041 
-0.30334 -0.87472 
-0.29132 -0.76137 
0.49105 1.57770 
-0.62358 -2.18822 
-0.91421 -0.46756 
-0.09206 2.21599 
-1.06819 -1.50392 
-0.96517 -0.19212 
-0.03119 0.34819 
-1.33561 -0.56852 
0.22543 0.44206 
0.64769 -0.56440 
0.83492 -2.05444 
0.76745 1.06883 
-1.02956 -1.12158 
-1.47348 -0.06957 
0.03963 0.02704 
1.47383 -0.39268 
0.71498 1.64482 
-2.10183 -0.00530 
0.26496 1.31341 
-1.90711 -1.10444 
